1 1.060093
2 1.011035
3 0.941254
4 0.926042
5 0.977393
6 0.961349
7 0.951044
8 0.986901
9 0.985135
10 1.133602
11 0.975320
12 1.274234
13 0.940812
14 1.169507
15 1.143954
16 0.903419
17 1.052225
18 0.981269
19 0.969134
20 0.979744
21 0.893673
22 1.000217
23 0.905510
24 1.139426
25 0.920912
26 1.064911
27 0.918894
28 0.886704
29 0.962037
30 0.878525
31 0.880857
32 0.890453
33 0.925925
34 0.915741
35 0.921076
36 0.926200
37 0.889830
38 0.878304
39 0.894391
40 0.911393
41 0.885920
42 0.873864
43 0.892139
44 0.918759
45 0.875059
46 0.875794
47 0.885805
48 0.872648
49 0.868286
50 0.880110
51 0.869906
52 0.901699
53 0.885508
54 0.886222
55 0.851683
56 0.861743
57 0.886702
58 0.862264
59 0.872103
60 0.872127
61 0.881843
62 0.856022
63 0.840738
64 0.859377
65 0.854948
66 0.860661
67 0.846218
68 0.851341
69 0.862355
70 0.859371
71 0.852537
72 0.855893
73 0.855103
74 0.849446
75 0.874669
76 0.853131
77 0.853853
78 0.844912
79 0.848079
80 0.826695
81 0.828031
82 0.839836
83 0.856055
84 0.880312
85 0.829599
86 0.835876
87 0.824111
88 0.835818
89 0.823090
90 0.787411
91 0.853671
92 0.884899
93 0.844882
94 0.874711
95 0.879553
96 0.853650
97 0.837700
98 0.899252
99 0.857805
100 0.868686
