1 1.077582 0.508190
2 0.946155 0.379631
3 0.990207 0.287705
4 1.007371 0.374980
5 1.017466 0.270444
6 0.985452 0.435493
7 0.920905 0.271088
8 0.892523 0.152958
9 0.937675 0.203009
10 0.903236 0.160070
11 1.008444 0.202191
12 0.963993 0.135369
13 1.112269 0.511958
14 0.924307 0.360821
15 1.066040 0.788500
16 0.829782 0.234543
17 1.266580 1.148689
18 0.897878 0.355381
19 0.877811 0.220610
20 0.916287 0.189616
21 0.905375 0.283357
22 1.127363 0.613743
23 1.169856 1.518961
24 1.637838 2.029137
25 1.253643 1.375628
26 0.970409 0.876220
27 1.600404 2.473955
28 0.872736 0.210554
29 1.080489 0.778658
30 1.496515 8.687797
31 1.149189 0.861816
32 0.885489 0.108324
33 0.854260 0.133214
34 0.965212 0.221687
35 1.010269 0.367045
36 0.897206 0.156365
37 0.867912 0.122816
38 0.882999 0.092394
39 0.895859 0.105339
40 1.281970 0.677499
41 0.913498 0.191875
42 1.139624 0.661541
43 0.989530 0.238702
44 0.910148 0.103023
45 0.996658 0.280544
46 0.956690 0.156856
47 1.109632 0.426533
48 0.886141 0.151531
49 0.910647 0.124090
50 0.943023 0.142797
51 0.977257 0.158438
52 0.770441 0.251863
53 0.896740 0.102936
54 0.924329 0.154357
55 0.900230 0.117433
56 0.874946 0.122710
57 0.889481 0.102430
58 0.903531 0.100802
59 0.883343 0.084378
60 0.896650 0.086514
61 0.924461 0.116243
62 0.921304 0.088379
63 0.881664 0.099465
64 0.875489 0.072456
65 0.866205 0.070895
66 0.884685 0.073966
67 0.898357 0.085069
68 0.889252 0.068647
69 0.878694 0.077874
70 0.882513 0.078969
71 0.882398 0.071515
72 0.885571 0.083127
73 0.879840 0.065670
74 0.869972 0.059701
75 0.884511 0.082762
76 0.877817 0.059370
77 0.885265 0.097487
78 0.879452 0.068115
79 0.870517 0.074729
80 0.887556 0.083733
81 0.881133 0.065771
82 0.889111 0.057926
83 0.874365 0.065499
84 0.889087 0.067355
85 0.865360 0.060990
86 0.879057 0.083173
87 0.881325 0.063433
88 0.875310 0.050903
89 0.881340 0.074256
90 0.876291 0.060141
91 0.875949 0.064904
92 0.868296 0.055249
93 0.871150 0.053266
94 0.881577 0.061691
95 0.863732 0.050152
96 0.885369 0.071085
97 0.865177 0.045994
98 0.879219 0.057170
99 0.879767 0.054131
100 0.861263 0.052768
101 0.855553 0.052498
102 0.866156 0.069636
103 0.724019 0.213568
104 0.835319 0.095851
105 0.853071 0.061555
106 0.840806 0.058036
107 0.864775 0.069368
108 0.844628 0.070224
109 0.863368 0.056376
110 0.837303 0.056115
111 0.854980 0.047030
112 0.853307 0.052670
113 0.862121 0.048097
114 0.860850 0.051333
115 0.847801 0.046179
116 0.851534 0.045917
117 0.854240 0.043663
118 0.844844 0.040094
119 0.861330 0.044710
120 0.853768 0.051179
121 0.863370 0.045074
122 0.851126 0.048469
123 0.859567 0.063585
124 0.857714 0.052934
125 0.866344 0.066544
126 0.846610 0.053251
127 0.840074 0.043554
128 0.844972 0.043141
129 0.848962 0.061205
130 0.854767 0.045948
131 0.853256 0.054748
132 0.850230 0.053851
133 0.850013 0.052213
134 0.842586 0.053982
135 0.851117 0.043734
136 0.846258 0.055486
137 0.848593 0.048751
138 0.851549 0.041376
139 0.851430 0.036806
140 0.843834 0.059328
141 0.845002 0.051472
142 0.836575 0.047047
143 0.842364 0.044924
144 0.857568 0.044281
145 0.845082 0.046926
146 0.853883 0.036956
147 0.844341 0.053847
148 0.839364 0.047296
149 0.843940 0.040796
150 0.845767 0.039376
151 0.835496 0.052733
152 0.848503 0.040184
153 0.848793 0.041806
154 0.832510 0.041072
155 0.845403 0.047525
156 0.837699 0.045722
157 0.842427 0.051827
158 0.844928 0.033469
159 0.836974 0.036789
160 0.834229 0.060089
161 0.829915 0.040889
162 0.835163 0.044902
163 0.847293 0.047348
164 0.835501 0.039943
165 0.839154 0.033534
166 0.831059 0.037725
167 0.831894 0.032504
168 0.831355 0.048344
169 0.836912 0.046913
170 0.833517 0.049042
171 0.835138 0.036314
172 0.841581 0.033996
173 0.836953 0.037793
174 0.839473 0.045908
175 0.835723 0.038576
176 0.835881 0.032149
177 0.844653 0.038066
178 0.833329 0.037609
179 0.836172 0.033929
180 0.838082 0.035676
181 0.838545 0.039923
182 0.842271 0.057137
183 0.837297 0.032238
184 0.843039 0.034360
185 0.839940 0.032132
186 0.837733 0.037483
187 0.841619 0.034621
188 0.838362 0.032121
189 0.834535 0.050360
190 0.830330 0.035472
191 0.831054 0.036139
192 0.837622 0.047240
193 0.840132 0.045033
194 0.837144 0.042010
195 0.845388 0.035850
196 0.830661 0.034817
197 0.835977 0.031718
198 0.833637 0.038513
199 0.838583 0.042320
200 0.839403 0.033596
201 0.831326 0.031124
202 0.840405 0.039464
203 0.836495 0.035688
204 0.846574 0.051683
205 0.838684 0.026541
206 0.836119 0.031954
207 0.834311 0.030510
208 0.832067 0.049935
209 0.827713 0.036795
210 0.830669 0.027456
211 0.831386 0.023468
212 0.838241 0.023644
213 0.833895 0.033589
214 0.830719 0.034581
215 0.842509 0.036756
216 0.829990 0.025010
217 0.836896 0.031228
218 0.825600 0.032996
219 0.839898 0.046852
220 0.831952 0.027993
221 0.836353 0.030017
222 0.838927 0.032413
223 0.839189 0.031755
224 0.832140 0.032621
225 0.832831 0.024379
226 0.839473 0.026856
227 0.830575 0.039972
228 0.834796 0.041695
229 0.826400 0.027998
230 0.844445 0.040291
231 0.828693 0.043672
232 0.816538 0.048991
233 0.833490 0.032955
234 0.828257 0.026576
235 0.816832 0.050935
236 0.827457 0.032228
237 0.834959 0.023087
238 0.829214 0.041747
239 0.827971 0.049090
240 0.832718 0.050367
241 0.834185 0.032167
242 0.827984 0.031599
243 0.826083 0.032960
244 0.824880 0.030036
245 0.830980 0.029307
246 0.832915 0.033030
247 0.835096 0.031188
248 0.827207 0.034912
249 0.829621 0.029480
250 0.814612 0.053665
251 0.830881 0.028718
252 0.827409 0.024851
253 0.830906 0.028997
254 0.837301 0.038722
255 0.830887 0.028027
256 0.825913 0.036017
257 0.823612 0.027614
258 0.825566 0.030888
259 0.823613 0.037511
260 0.827304 0.029892
261 0.832953 0.037168
262 0.835211 0.024390
263 0.825837 0.036426
264 0.832808 0.029344
265 0.826843 0.032956
266 0.829663 0.025213
267 0.834024 0.028056
268 0.841813 0.055746
269 0.830976 0.028167
270 0.830519 0.026515
271 0.832113 0.030923
272 0.826822 0.026163
273 0.823214 0.032778
274 0.823010 0.029609
275 0.832318 0.034221
276 0.823485 0.033664
277 0.824832 0.032221
278 0.837226 0.048641
279 0.838585 0.033526
280 0.830526 0.047615
281 0.825300 0.028887
282 0.832079 0.032065
283 0.834396 0.029754
284 0.831922 0.038299
285 0.820628 0.040320
286 0.826561 0.036903
287 0.833145 0.024474
288 0.834137 0.042925
289 0.826100 0.040955
290 0.837790 0.045638
291 0.825588 0.027973
292 0.830043 0.033274
293 0.828596 0.020685
294 0.824003 0.032164
295 0.822705 0.021209
296 0.829886 0.024612
297 0.827393 0.033206
298 0.832015 0.024333
299 0.828624 0.029171
300 0.824791 0.025272
301 0.817038 0.034134
302 0.822251 0.022313
303 0.828413 0.038808
304 0.833189 0.036549
305 0.828965 0.027992
306 0.852593 0.062279
307 0.838260 0.031107
308 0.831521 0.032104
309 0.830142 0.038184
310 0.830110 0.039438
311 0.820968 0.036830
312 0.832745 0.030151
313 0.821545 0.032192
314 0.825410 0.024917
315 0.827059 0.038764
316 0.827713 0.026439
317 0.830032 0.030981
318 0.820951 0.037004
319 0.823217 0.033065
320 0.831286 0.026320
321 0.822894 0.029050
322 0.825072 0.027152
323 0.828852 0.040090
324 0.816708 0.031955
325 0.831211 0.031069
326 0.823309 0.046452
327 0.830658 0.038291
328 0.824214 0.029039
329 0.826141 0.026050
330 0.819240 0.040353
331 0.820134 0.032441
332 0.826208 0.027047
333 0.824817 0.034231
334 0.827015 0.027416
335 0.828924 0.025321
336 0.823250 0.019926
337 0.814728 0.032981
338 0.812750 0.071355
339 0.828132 0.030016
340 0.822428 0.029606
341 0.823293 0.020498
342 0.828409 0.027784
343 0.823574 0.033746
344 0.817386 0.022736
345 0.819586 0.029087
346 0.831776 0.038937
347 0.828849 0.027144
348 0.827735 0.028008
349 0.823024 0.024888
350 0.829115 0.025196
351 0.827721 0.029937
352 0.822729 0.027500
353 0.820428 0.033366
354 0.821812 0.026134
355 0.832307 0.028026
356 0.827595 0.027570
357 0.830575 0.051570
358 0.826962 0.024166
359 0.822074 0.026045
360 0.823426 0.024708
361 0.821222 0.024161
362 0.827155 0.032802
363 0.824127 0.022740
364 0.824938 0.020264
365 0.823386 0.025225
366 0.826570 0.027740
367 0.824138 0.031864
368 0.821022 0.023586
369 0.830849 0.024918
370 0.816212 0.026992
371 0.818392 0.025468
372 0.828849 0.022555
373 0.823855 0.017087
374 0.834685 0.041412
375 0.826097 0.037459
376 0.821507 0.035657
377 0.825460 0.022631
378 0.821573 0.026631
379 0.827479 0.034560
380 0.824899 0.022845
381 0.826276 0.037342
382 0.825268 0.028485
383 0.829253 0.022175
384 0.822185 0.039947
385 0.824178 0.029078
386 0.821491 0.024185
387 0.819502 0.021409
388 0.826683 0.031270
389 0.825303 0.022021
390 0.815372 0.024959
391 0.826433 0.030743
392 0.823037 0.024246
393 0.822972 0.022424
394 0.824023 0.025657
395 0.815485 0.022077
396 0.814629 0.025090
397 0.822998 0.019497
398 0.817739 0.026716
399 0.822142 0.020454
400 0.823484 0.019136
401 0.817931 0.026959
402 0.815583 0.025285
403 0.817982 0.023422
404 0.818280 0.036199
405 0.820397 0.021421
406 0.822388 0.024004
407 0.819540 0.023150
408 0.818249 0.022818
409 0.821968 0.019000
410 0.822987 0.017952
411 0.819527 0.031198
412 0.824287 0.018082
413 0.820062 0.018958
414 0.819603 0.026201
415 0.819683 0.029005
416 0.817438 0.036782
417 0.822472 0.025797
418 0.823219 0.026568
419 0.819494 0.026542
420 0.814195 0.034616
421 0.822682 0.027597
422 0.815679 0.030722
423 0.822551 0.019939
424 0.821191 0.016285
425 0.819249 0.019048
426 0.816135 0.015649
427 0.822499 0.018891
428 0.814999 0.022180
429 0.822738 0.023265
430 0.819294 0.019813
431 0.822467 0.021449
432 0.812389 0.020707
433 0.817313 0.024983
434 0.817093 0.020947
435 0.821744 0.020800
436 0.819431 0.023493
437 0.820504 0.017706
438 0.818603 0.020284
439 0.817715 0.020859
440 0.813537 0.027384
441 0.819865 0.020010
442 0.819812 0.019592
443 0.823634 0.016571
444 0.819319 0.018340
445 0.819770 0.018917
446 0.817144 0.022078
447 0.818003 0.023151
448 0.821034 0.024093
449 0.822588 0.025239
450 0.821482 0.022923
451 0.823957 0.025484
452 0.821128 0.017577
453 0.820023 0.023009
454 0.825377 0.018262
455 0.814479 0.038841
456 0.825872 0.023930
457 0.816340 0.021310
458 0.823711 0.023806
459 0.824420 0.019217
460 0.821472 0.021838
461 0.821257 0.019603
462 0.817910 0.025723
463 0.816136 0.013286
464 0.829881 0.037672
465 0.820249 0.017579
466 0.823392 0.026693
467 0.818192 0.026980
468 0.823542 0.013881
469 0.822437 0.023987
470 0.817879 0.017702
471 0.823828 0.022837
472 0.817198 0.025325
473 0.821116 0.023492
474 0.818147 0.029438
475 0.821146 0.015822
476 0.819210 0.017900
477 0.819842 0.017188
478 0.825319 0.017998
479 0.818117 0.032896
480 0.818408 0.018351
481 0.821247 0.024430
482 0.821507 0.023132
483 0.824863 0.026090
484 0.825862 0.029576
485 0.824003 0.017717
486 0.818208 0.017569
487 0.817699 0.014936
488 0.820742 0.016965
489 0.817945 0.021550
490 0.819164 0.018223
491 0.820804 0.029470
492 0.815741 0.025619
493 0.820174 0.018560
494 0.816751 0.016010
495 0.819231 0.015541
496 0.814913 0.017806
497 0.813277 0.025109
498 0.817865 0.022157
499 0.815422 0.017219
500 0.819208 0.015260
501 0.817470 0.018839
502 0.826757 0.018182
503 0.819613 0.015705
504 0.810528 0.027560
505 0.816112 0.014213
506 0.817571 0.016266
507 0.821058 0.016569
508 0.823378 0.018750
509 0.814079 0.015902
510 0.814826 0.037996
511 0.819398 0.015595
512 0.816921 0.018032
513 0.811053 0.027636
514 0.815834 0.018523
515 0.813239 0.015295
516 0.820749 0.017224
517 0.812021 0.028935
518 0.819779 0.015621
519 0.813271 0.026004
520 0.813823 0.018747
521 0.814438 0.014769
522 0.818740 0.015446
523 0.814597 0.025067
524 0.820280 0.013480
525 0.815210 0.015447
526 0.816833 0.024652
527 0.817221 0.018402
528 0.817139 0.018264
529 0.816707 0.015686
530 0.818605 0.015735
531 0.820145 0.011346
532 0.821007 0.023179
533 0.818849 0.015044
534 0.818467 0.018258
535 0.822815 0.017876
536 0.818067 0.020284
537 0.819212 0.023698
538 0.816100 0.012184
539 0.818581 0.025740
540 0.818221 0.014454
541 0.818057 0.014918
542 0.819122 0.012318
543 0.820538 0.020184
544 0.820514 0.013447
545 0.811922 0.026416
546 0.814590 0.014672
547 0.815219 0.023752
548 0.817698 0.021329
549 0.816201 0.018404
550 0.818347 0.014750
551 0.818276 0.013531
552 0.815992 0.014494
553 0.814764 0.019772
554 0.817227 0.013990
555 0.815648 0.017644
556 0.816853 0.013416
557 0.815434 0.020371
558 0.817628 0.013309
559 0.814731 0.024302
560 0.817332 0.013633
561 0.814521 0.013512
562 0.816353 0.013116
563 0.817903 0.015682
564 0.816530 0.016337
565 0.819528 0.012750
566 0.813646 0.014796
567 0.815781 0.020290
568 0.816616 0.014373
569 0.816673 0.013953
570 0.819820 0.013769
571 0.818384 0.015285
572 0.821571 0.016941
573 0.819457 0.012762
574 0.816710 0.009908
575 0.814347 0.020673
576 0.817953 0.013816
577 0.821007 0.012235
578 0.815360 0.013943
579 0.816198 0.017334
580 0.817358 0.014023
581 0.815876 0.014211
582 0.819595 0.013529
583 0.820363 0.013410
584 0.819536 0.015283
585 0.816382 0.016650
586 0.818144 0.015372
587 0.817593 0.016145
588 0.817120 0.015518
589 0.816471 0.018203
590 0.815862 0.015055
591 0.816681 0.010071
592 0.819427 0.019403
593 0.817892 0.013831
594 0.818415 0.012679
595 0.817111 0.014438
596 0.817253 0.011808
597 0.820073 0.011286
598 0.820625 0.030892
599 0.817823 0.013131
600 0.820170 0.015054
601 0.817701 0.009545
602 0.816480 0.013031
603 0.815075 0.010609
604 0.823825 0.032912
605 0.820292 0.016513
606 0.822129 0.015171
607 0.819003 0.017047
608 0.821136 0.016056
609 0.821996 0.012557
610 0.815278 0.011575
611 0.817909 0.018505
612 0.816656 0.011930
613 0.822021 0.027421
614 0.815865 0.016297
615 0.823505 0.019625
616 0.819363 0.013262
617 0.815307 0.012076
618 0.823332 0.018811
619 0.822828 0.039169
620 0.818740 0.012390
621 0.821906 0.017604
622 0.819630 0.015332
623 0.816432 0.013392
624 0.815749 0.019090
625 0.817686 0.011907
626 0.819098 0.022627
627 0.819518 0.012873
628 0.815883 0.015243
629 0.817461 0.016228
630 0.819245 0.010915
631 0.819891 0.025737
632 0.817240 0.016442
633 0.816233 0.013061
634 0.820406 0.025025
635 0.814409 0.011927
636 0.815468 0.015932
637 0.816812 0.015908
638 0.819492 0.017650
639 0.812953 0.016164
640 0.816739 0.023496
641 0.818907 0.012516
642 0.825545 0.024235
643 0.817178 0.013930
644 0.815957 0.015609
645 0.821460 0.015329
646 0.816920 0.015752
647 0.820100 0.013818
648 0.819064 0.014852
649 0.814092 0.014293
650 0.815525 0.015565
651 0.814228 0.015185
652 0.816065 0.013462
653 0.815480 0.014691
654 0.815022 0.020088
655 0.815718 0.011882
656 0.816502 0.011776
657 0.816520 0.011819
658 0.815472 0.012455
659 0.815993 0.015431
660 0.818667 0.014636
661 0.819099 0.015654
662 0.818614 0.012088
663 0.816812 0.013712
664 0.815618 0.013942
665 0.819630 0.016296
666 0.815543 0.011910
667 0.820562 0.015316
668 0.818622 0.010591
669 0.817047 0.010139
670 0.815776 0.015417
671 0.815675 0.019913
672 0.818259 0.014710
673 0.817511 0.012042
674 0.815030 0.013856
675 0.816770 0.011707
676 0.818693 0.011143
677 0.816902 0.011912
678 0.814930 0.013652
679 0.818244 0.011749
680 0.817727 0.013230
681 0.813049 0.017396
682 0.815447 0.009993
683 0.818590 0.013795
684 0.815821 0.011971
685 0.817642 0.008766
686 0.820123 0.022698
687 0.817656 0.012741
688 0.815206 0.010034
689 0.814943 0.013604
690 0.818661 0.015709
691 0.816037 0.010796
692 0.818581 0.009914
693 0.815467 0.014178
694 0.816565 0.013913
695 0.816435 0.012540
696 0.815375 0.015343
697 0.819024 0.014486
698 0.816405 0.013999
699 0.820211 0.011935
700 0.809548 0.016580
701 0.814914 0.012324
702 0.816070 0.014608
703 0.814637 0.013517
704 0.818781 0.016604
705 0.816424 0.011754
706 0.815755 0.012059
707 0.814915 0.011595
708 0.818418 0.011039
709 0.814506 0.010524
710 0.815870 0.013605
711 0.818464 0.012271
712 0.819498 0.011820
713 0.817841 0.011694
714 0.815649 0.009547
715 0.816513 0.017874
716 0.815705 0.012200
717 0.815875 0.011302
718 0.819388 0.010267
719 0.817704 0.018417
720 0.816301 0.011111
721 0.820199 0.010675
722 0.818275 0.013298
723 0.818796 0.010137
724 0.814376 0.012567
725 0.816710 0.011021
726 0.817797 0.008517
727 0.810317 0.044940
728 0.814684 0.010582
729 0.814373 0.018484
730 0.816414 0.008957
731 0.816835 0.010136
732 0.816076 0.011349
733 0.810928 0.030812
734 0.814649 0.014984
735 0.814474 0.018105
736 0.815083 0.010078
737 0.813841 0.011577
738 0.815715 0.010601
739 0.816694 0.008805
740 0.817402 0.010325
741 0.815713 0.010292
742 0.814883 0.014786
743 0.815969 0.016325
744 0.815090 0.008833
745 0.798866 0.063573
746 0.816403 0.012318
747 0.812239 0.022246
748 0.816152 0.011903
749 0.812823 0.023190
750 0.815668 0.009986
751 0.813136 0.017474
752 0.817559 0.008740
753 0.816007 0.023514
754 0.820219 0.011323
755 0.816728 0.011162
756 0.812746 0.032025
757 0.816852 0.008792
758 0.819665 0.011186
759 0.817055 0.010852
760 0.818499 0.014972
761 0.816549 0.014345
762 0.814663 0.011489
763 0.814063 0.010444
764 0.817894 0.010851
765 0.815320 0.014617
766 0.816073 0.010616
767 0.812470 0.023438
768 0.820953 0.016483
769 0.813459 0.014383
770 0.815688 0.026250
771 0.817025 0.014423
772 0.814486 0.013239
773 0.814320 0.024559
774 0.816525 0.010553
775 0.817070 0.010191
776 0.815438 0.011803
777 0.816617 0.010212
778 0.808344 0.039768
779 0.816192 0.012242
780 0.815758 0.011130
781 0.817273 0.009712
782 0.812676 0.019856
783 0.814759 0.014598
784 0.812079 0.011147
785 0.816764 0.011063
786 0.821708 0.025370
787 0.817383 0.010467
788 0.817195 0.012706
789 0.815677 0.009647
790 0.815960 0.015293
791 0.812562 0.012444
792 0.815605 0.013964
793 0.815260 0.011039
794 0.816887 0.009435
795 0.814409 0.013216
796 0.815465 0.011716
797 0.817528 0.009529
798 0.817651 0.009652
799 0.817435 0.013108
800 0.814374 0.009757
801 0.812466 0.011992
802 0.814448 0.009435
803 0.816331 0.017264
804 0.815966 0.015279
805 0.815482 0.014161
806 0.815926 0.008369
807 0.808857 0.038234
808 0.816395 0.009633
809 0.813549 0.011854
810 0.814963 0.010036
811 0.816575 0.015056
812 0.822988 0.036363
813 0.814257 0.012633
814 0.818482 0.013729
815 0.817000 0.012608
816 0.810808 0.014046
817 0.812983 0.012338
818 0.819067 0.010004
819 0.817055 0.009280
820 0.813460 0.009102
821 0.815372 0.010166
822 0.814260 0.011589
823 0.814270 0.011533
824 0.815570 0.010474
825 0.818094 0.010369
826 0.815766 0.010405
827 0.818077 0.008426
828 0.817699 0.009329
829 0.815617 0.008238
830 0.817698 0.008614
831 0.815646 0.010455
832 0.817155 0.009738
833 0.814928 0.009875
834 0.815829 0.012113
835 0.816476 0.009040
836 0.815375 0.012008
837 0.816946 0.006287
838 0.816286 0.010699
839 0.816254 0.012719
840 0.812461 0.013569
841 0.815999 0.009344
842 0.812015 0.012840
843 0.815696 0.010132
844 0.814367 0.010150
845 0.816111 0.010890
846 0.817572 0.014279
847 0.816262 0.012254
848 0.813885 0.010633
849 0.812858 0.011995
850 0.817427 0.009996
851 0.816845 0.010537
852 0.815292 0.012296
853 0.814163 0.013318
854 0.815006 0.009239
855 0.815415 0.010080
856 0.810156 0.015744
857 0.815211 0.012482
858 0.813350 0.010362
859 0.812441 0.015144
860 0.811710 0.012828
861 0.812162 0.015356
862 0.816005 0.009814
863 0.816315 0.008527
864 0.813579 0.011362
865 0.813244 0.007786
866 0.816530 0.010045
867 0.815997 0.009938
868 0.814442 0.012687
869 0.816758 0.010069
870 0.814352 0.008863
871 0.814732 0.006965
872 0.817047 0.010595
873 0.818767 0.011807
874 0.815829 0.010641
875 0.816778 0.009558
876 0.816044 0.010480
877 0.814142 0.009447
878 0.817221 0.012016
879 0.813306 0.011093
880 0.815963 0.009659
881 0.816816 0.012601
882 0.817257 0.009611
883 0.814713 0.012206
884 0.816232 0.010387
885 0.813012 0.009857
886 0.813634 0.009415
887 0.814151 0.008879
888 0.814304 0.007841
889 0.814077 0.008424
890 0.813492 0.007160
891 0.813703 0.015008
892 0.818106 0.009645
893 0.809933 0.018319
894 0.815385 0.008886
895 0.816385 0.010539
896 0.814119 0.020157
897 0.812813 0.013922
898 0.815361 0.008808
899 0.815430 0.014535
900 0.817059 0.012488
901 0.819702 0.008486
902 0.813828 0.012432
903 0.808741 0.031440
904 0.815875 0.009678
905 0.814649 0.010456
906 0.812214 0.024101
907 0.815837 0.010478
908 0.814866 0.010859
909 0.817554 0.009810
910 0.816465 0.011810
911 0.813820 0.013006
912 0.814348 0.011039
913 0.814977 0.009234
914 0.815962 0.010051
915 0.815222 0.009499
916 0.817641 0.010945
917 0.813719 0.009627
918 0.815786 0.010486
919 0.813603 0.016303
920 0.815922 0.012231
921 0.812336 0.013142
922 0.815071 0.010124
923 0.810664 0.011422
924 0.816479 0.010126
925 0.813991 0.010137
926 0.812958 0.014022
927 0.816214 0.010946
928 0.816578 0.010544
929 0.813811 0.009404
930 0.815916 0.009115
931 0.814323 0.009459
932 0.816129 0.012476
933 0.815173 0.010280
934 0.816064 0.009927
935 0.815323 0.008412
936 0.815010 0.009705
937 0.814372 0.010084
938 0.812297 0.011860
939 0.818759 0.007198
940 0.814295 0.009594
941 0.816004 0.006629
942 0.812871 0.011510
943 0.815558 0.008258
944 0.815615 0.009459
945 0.814661 0.011231
946 0.815476 0.009546
947 0.813972 0.009056
948 0.815683 0.010679
949 0.812316 0.023227
950 0.814766 0.009029
951 0.813439 0.011719
952 0.812066 0.011834
953 0.816648 0.011760
954 0.815887 0.010379
955 0.812419 0.010779
956 0.815807 0.010985
957 0.814801 0.011299
958 0.814764 0.014155
959 0.818018 0.012326
960 0.817979 0.009020
961 0.813016 0.010802
962 0.813656 0.009908
963 0.816482 0.014012
964 0.811448 0.015145
965 0.817026 0.011602
966 0.815748 0.009104
967 0.818235 0.022075
968 0.813942 0.012351
969 0.815103 0.010479
970 0.815762 0.011383
971 0.813275 0.013610
972 0.818158 0.013569
973 0.817470 0.009463
974 0.816979 0.013340
975 0.813655 0.010078
976 0.815619 0.009422
977 0.815504 0.011365
978 0.817136 0.009897
979 0.813202 0.008813
980 0.814574 0.012484
981 0.818037 0.021570
982 0.814683 0.010491
983 0.815124 0.010224
984 0.815743 0.009894
985 0.816695 0.014269
986 0.816173 0.009869
987 0.814527 0.010052
988 0.813457 0.010515
989 0.816563 0.011804
990 0.814585 0.011580
991 0.816202 0.013086
992 0.816755 0.009395
993 0.814295 0.010924
994 0.813436 0.007543
995 0.814103 0.007376
996 0.814760 0.009030
997 0.814259 0.008811
998 0.817608 0.008386
999 0.814590 0.008611
1000 0.815997 0.007572
